[JRCSF,JRCSF][42.31][312]10396|65	[JRCSF][43.11][399]10572|85	2
[JRCSF,JRCSF][42.31][312]10396|65	[JRCSF][97.07][4681]13319|2271	21
[JRCSF,JRCSF][42.31][312]10396|65	[JRCSF][96.71][4436]9506|2144	16
[JRCSF][43.11][399]10572|85	[JRCSF,JRCSF][42.31][312]10396|65	2
[JRCSF][43.11][399]10572|85	[JRCSF][18.32][262]13811|23	12
[JRCSF][43.11][399]10572|85	[JRCSF][96.71][4436]9506|2144	27
[JRCSF][97.07][4681]13319|2271	[JRCSF,JRCSF][42.31][312]10396|65	10
[JRCSF][97.07][4681]13319|2271	[JRCSF][97.07][4681]13319|2271	1078
[JRCSF][97.07][4681]13319|2271	[JRCSF][13.55][251]13917|16	7
[JRCSF][97.07][4681]13319|2271	[JRCSF][96.71][4436]9506|2144	35
[JRCSF][18.32][262]13811|23	[JRCSF][43.11][399]10572|85	12
[JRCSF][13.55][251]13917|16	[JRCSF][97.07][4681]13319|2271	10
[NL43][96.17][4444]14447|2136	[NL43][96.17][4444]14447|2136	994
[NL43][96.17][4444]14447|2136	[NL43][53.46][621]15156|165	49
[NL43][96.17][4444]14447|2136	[NL43][83.64][1767]16271|738	32
[NL43][96.17][4444]14447|2136	[NL43,NL43][7.62][210]16934|7	1
[NL43][53.46][621]15156|165	[NL43][96.17][4444]14447|2136	39
[NL43][53.46][621]15156|165	[NL43][53.46][621]15156|165	37
[NL43][53.46][621]15156|165	[NL43,NL43][7.62][210]16934|7	3
[NL43][60.81][569]16041|172	[NL43][60.81][569]16041|172	20
[NL43][60.81][569]16041|172	[NL43][57.41][634]16170|181	35
[NL43][60.81][569]16041|172	[NL43][65.79][909]17195|298	27
[NL43][57.41][634]16170|181	[NL43][60.81][569]16041|172	33
[NL43][57.41][634]16170|181	[NL43][57.41][634]16170|181	34
[NL43][57.41][634]16170|181	[NL43][46.99][481]16587|112	23
[NL43][83.64][1767]16271|738	[NL43][96.17][4444]14447|2136	25
[NL43][83.64][1767]16271|738	[NL43][83.64][1767]16271|738	332
[NL43][83.64][1767]16271|738	[NL43][65.79][909]17195|298	11
[NL43][46.99][481]16587|112	[NL43][57.41][634]16170|181	23
[NL43][46.99][481]16587|112	[NL43][80.89][1219]16862|492	34
[NL43][80.89][1219]16862|492	[NL43][46.99][481]16587|112	33
[NL43][80.89][1219]16862|492	[NL43][80.89][1219]16862|492	213
[NL43,NL43][7.62][210]16934|7	[NL43][96.17][4444]14447|2136	3
[NL43,NL43][7.62][210]16934|7	[NL43][53.46][621]15156|165	1
[NL43][65.79][909]17195|298	[NL43][60.81][569]16041|172	38
[NL43][65.79][909]17195|298	[NL43][83.64][1767]16271|738	7
[NL43][65.79][909]17195|298	[NL43][65.79][909]17195|298	108
[YU2,YU2][69.22][497]18550|171	[YU2,YU2][69.22][497]18550|171	1
[YU2,YU2][69.22][497]18550|171	[YU2][94.84][2598]18551|1231	33
[YU2,YU2][69.22][497]18550|171	[YU2][95.23][4566]19263|2173	38
[YU2,YU2][69.22][497]18550|171	[YU2][22.84][324]21535|36	23
[YU2][94.84][2598]18551|1231	[YU2,YU2][69.22][497]18550|171	31
[YU2][94.84][2598]18551|1231	[YU2][94.84][2598]18551|1231	541
[YU2][94.84][2598]18551|1231	[YU2][87.45][2095]21064|915	38
[YU2][95.23][4566]19263|2173	[YU2,YU2][69.22][497]18550|171	34
[YU2][95.23][4566]19263|2173	[YU2][95.23][4566]19263|2173	1019
[YU2][95.23][4566]19263|2173	[YU2][2.96][203]20757|2	2
[YU2][95.23][4566]19263|2173	[YU2][87.45][2095]21064|915	29
[YU2][95.23][4566]19263|2173	[YU2][22.84][324]21535|36	2
[YU2][2.96][203]20757|2	[YU2][95.23][4566]19263|2173	1
[YU2][87.45][2095]21064|915	[YU2][94.84][2598]18551|1231	48
[YU2][87.45][2095]21064|915	[YU2][95.23][4566]19263|2173	29
[YU2][87.45][2095]21064|915	[YU2][87.45][2095]21064|915	386
[YU2][22.84][324]21535|36	[YU2,YU2][69.22][497]18550|171	11
[YU2][22.84][324]21535|36	[YU2][95.23][4566]19263|2173	1
[89.6][94.44][4801]2504|2266	[89.6][94.44][4801]2504|2266	1096
[89.6][94.44][4801]2504|2266	[JRCSF,YU2,89.6][1.99][201]292|1	1
[89.6][94.44][4801]2504|2266	[89.6][97.85][4983]4529|2437	32
[89.6][94.44][4801]2504|2266	[YU2,89.6][9.39][213]458|9	2
[89.6][94.44][4801]2504|2266	[89.6,YU2][8.37][215]673|8	1
[89.6][10.88][239]267|12	[89.6][97.85][4983]4529|2437	7
[JRCSF,YU2,89.6][1.99][201]292|1	[89.6][94.44][4801]2504|2266	1
[89.6][97.85][4983]4529|2437	[89.6][94.44][4801]2504|2266	33
[89.6][97.85][4983]4529|2437	[89.6][10.88][239]267|12	6
[89.6][97.85][4983]4529|2437	[89.6][1.0][200]4439	1
[89.6][97.85][4983]4529|2437	[89.6][97.85][4983]4529|2437	1174
[89.6][97.85][4983]4529|2437	[YU2,89.6][9.39][213]458|9	2
[89.6][97.85][4983]4529|2437	[89.6,YU2][8.37][215]673|8	3
[YU2,89.6][9.39][213]458|9	[89.6][94.44][4801]2504|2266	2
[YU2,89.6][9.39][213]458|9	[89.6][97.85][4983]4529|2437	4
[NL43,HXB2][16.53][242]4794|19	[HXB2][89.08][2133]6753|949	5
[NL43,HXB2][16.53][242]4794|19	[HXB2][86.88][1768]8401|767	4
[HXB2,NL43][13.39][224]5219|14	[HXB2][61.05][570]8367|173	5
[HXB2,NL43][13.39][224]5219|14	[HXB2][79.52][918]8374|364	2
[HXB2,YU2][8.41][214]5249|8	[HXB2][89.08][2133]6753|949	6
[HXB2,YU2][8.41][214]5249|8	[HXB2][86.88][1768]8401|767	2
[HXB2,HXB2][69.01][455]5515|156	[HXB2][85.96][1268]6164|544	40
[HXB2,HXB2][69.01][455]5515|156	[HXB2][91.53][2467]8110|1128	23
[HXB2,HXB2][69.01][455]5515|156	[HXB2][28.11][370]8318|51	19
[HXB2,NL43][54.46][426]5824|115	[HXB2][79.52][918]8374|364	23
[HXB2,NL43][54.46][426]5824|115	[HXB2][86.88][1768]8401|767	29
[HXB2][85.96][1268]6164|544	[HXB2,HXB2][69.01][455]5515|156	25
[HXB2][85.96][1268]6164|544	[HXB2][85.96][1268]6164|544	201
[HXB2][85.96][1268]6164|544	[HXB2][69.51][633]6698|219	25
[HXB2][85.96][1268]6164|544	[HXB2,NL43][27.78][288]8864|39	9
[HXB2][69.51][633]6698|219	[HXB2][85.96][1268]6164|544	34
[HXB2][69.51][633]6698|219	[HXB2][69.51][633]6698|219	34
[HXB2][69.51][633]6698|219	[NL43,HXB2][10.91][220]7795|11	3
[HXB2][69.51][633]6698|219	[HXB2][61.05][570]8367|173	30
[HXB2][69.51][633]6698|219	[HXB2,NL43][27.78][288]8864|39	8
[89.6,YU2][8.37][215]673|8	[89.6][94.44][4801]2504|2266	3
[89.6,YU2][8.37][215]673|8	[89.6][97.85][4983]4529|2437	2
[HXB2][89.08][2133]6753|949	[NL43,HXB2][16.53][242]4794|19	5
[HXB2][89.08][2133]6753|949	[HXB2][89.08][2133]6753|949	406
[HXB2][89.08][2133]6753|949	[HXB2][91.53][2467]8110|1128	26
[HXB2][89.08][2133]6753|949	[HXB2][86.88][1768]8401|767	25
[HXB2][89.08][2133]6753|949	[HXB2][6.6][212]9007|6	1
[NL43,HXB2][10.91][220]7795|11	[HXB2][69.51][633]6698|219	2
[NL43,HXB2][10.91][220]7795|11	[HXB2][61.05][570]8367|173	6
[HXB2][91.53][2467]8110|1128	[HXB2,HXB2][69.01][455]5515|156	30
[HXB2][91.53][2467]8110|1128	[HXB2][89.08][2133]6753|949	33
[HXB2][91.53][2467]8110|1128	[HXB2][91.53][2467]8110|1128	502
[HXB2][91.53][2467]8110|1128	[HXB2][28.11][370]8318|51	4
[HXB2][28.11][370]8318|51	[HXB2,HXB2][69.01][455]5515|156	20
[HXB2][28.11][370]8318|51	[HXB2][91.53][2467]8110|1128	9
[HXB2][61.05][570]8367|173	[HXB2,NL43][13.39][224]5219|14	4
[HXB2][61.05][570]8367|173	[HXB2][69.51][633]6698|219	37
[HXB2][61.05][570]8367|173	[NL43,HXB2][10.91][220]7795|11	1
[HXB2][61.05][570]8367|173	[HXB2][61.05][570]8367|173	15
[HXB2][61.05][570]8367|173	[HXB2][79.52][918]8374|364	26
[HXB2][79.52][918]8374|364	[HXB2,NL43][13.39][224]5219|14	4
[HXB2][79.52][918]8374|364	[HXB2,NL43][54.46][426]5824|115	32
[HXB2][79.52][918]8374|364	[HXB2][61.05][570]8367|173	35
[HXB2][79.52][918]8374|364	[HXB2][79.52][918]8374|364	115
[HXB2][79.52][918]8374|364	[HXB2][86.88][1768]8401|767	3
[HXB2][86.88][1768]8401|767	[NL43,HXB2][16.53][242]4794|19	6
[HXB2][86.88][1768]8401|767	[HXB2,YU2][8.41][214]5249|8	1
[HXB2][86.88][1768]8401|767	[HXB2,NL43][54.46][426]5824|115	32
[HXB2][86.88][1768]8401|767	[HXB2][1.0][200]6179	1
[HXB2][86.88][1768]8401|767	[HXB2][89.08][2133]6753|949	34
[HXB2][86.88][1768]8401|767	[HXB2][79.52][918]8374|364	10
[HXB2][86.88][1768]8401|767	[HXB2][86.88][1768]8401|767	309
[HXB2][86.88][1768]8401|767	[HXB2][6.6][212]9007|6	2
[HXB2,NL43][27.78][288]8864|39	[HXB2][85.96][1268]6164|544	10
[HXB2,NL43][27.78][288]8864|39	[HXB2][69.51][633]6698|219	13
[HXB2][6.6][212]9007|6	[HXB2][89.08][2133]6753|949	3
[HXB2][6.6][212]9007|6	[HXB2][86.88][1768]8401|767	1
[JRCSF][96.71][4436]9506|2144	[JRCSF,JRCSF][42.31][312]10396|65	15
[JRCSF][96.71][4436]9506|2144	[JRCSF][43.11][399]10572|85	31
[JRCSF][96.71][4436]9506|2144	[JRCSF][97.07][4681]13319|2271	33
[JRCSF][96.71][4436]9506|2144	[JRCSF][96.71][4436]9506|2144	994
